"newly_explored","reduntantly_explored","tick"
13.0,117.0,1.0
110.0,659.0,6.0
238.0,1164.0,11.0
390.0,1658.0,16.0
520.0,2158.0,21.0
639.0,2678.0,26.0
750.0,3204.0,31.0
869.0,3707.0,36.0
970.0,4236.0,41.0
1054.0,4787.0,46.0
1107.0,5368.0,51.0
1180.0,5926.0,56.0
1233.0,6502.0,61.0
1278.0,7095.0,66.0
1300.0,7695.0,71.0
1341.0,8261.0,76.0
1375.0,8855.0,81.0
1429.0,9428.0,86.0
1493.0,9980.0,91.0
1529.0,10551.0,96.0
1604.0,11100.0,101.0
1695.0,11627.0,106.0
1755.0,12205.0,111.0
1802.0,12781.0,116.0
1850.0,13367.0,121.0
1882.0,13953.0,126.0
1903.0,14567.0,131.0
1922.0,15172.0,136.0
1968.0,15744.0,141.0
1997.0,16331.0,146.0
2033.0,16934.0,151.0
2107.0,17494.0,156.0
2156.0,18062.0,161.0
2170.0,18679.0,166.0
2215.0,19265.0,171.0
2243.0,19854.0,176.0
2281.0,20452.0,181.0
2350.0,21019.0,186.0
2416.0,21576.0,191.0
2466.0,22164.0,196.0
2508.0,22744.0,201.0
2553.0,23323.0,206.0
2598.0,23906.0,211.0
2642.0,24499.0,216.0
2669.0,25108.0,221.0
2704.0,25701.0,226.0
2740.0,26289.0,231.0
2785.0,26881.0,236.0
2816.0,27481.0,241.0
2854.0,28076.0,246.0
2893.0,28667.0,251.0
2952.0,29238.0,256.0
2979.0,29847.0,261.0
3013.0,30434.0,266.0
3037.0,31027.0,271.0
3083.0,31612.0,276.0
3142.0,32188.0,281.0
3171.0,32790.0,286.0
3206.0,33387.0,291.0
3230.0,33976.0,296.0
3254.0,34541.0,301.0
3291.0,35099.0,306.0
3317.0,35717.0,311.0
3338.0,36316.0,316.0
3352.0,36927.0,321.0
3359.0,37547.0,326.0
3395.0,38128.0,331.0
3429.0,38721.0,336.0
3463.0,39321.0,341.0
3477.0,39930.0,346.0
3496.0,40532.0,351.0
3520.0,41135.0,356.0
3538.0,41751.0,361.0
3566.0,42350.0,366.0
3618.0,42931.0,371.0
3642.0,43542.0,376.0
3653.0,44169.0,381.0
3695.0,44768.0,386.0
3732.0,45358.0,391.0
3764.0,45952.0,396.0
3785.0,46551.0,401.0
3812.0,47153.0,406.0
3847.0,47747.0,411.0
3870.0,48358.0,416.0
3885.0,48954.0,421.0
3915.0,49558.0,426.0
3964.0,50150.0,431.0
4037.0,50699.0,436.0
4090.0,51264.0,441.0
4140.0,51835.0,446.0
4168.0,52431.0,451.0
4196.0,53037.0,456.0
4211.0,53650.0,461.0
4223.0,54266.0,466.0
4259.0,54855.0,471.0
4291.0,55458.0,476.0
4344.0,56033.0,481.0
4379.0,56601.0,486.0
4408.0,57179.0,491.0
4422.0,57777.0,496.0
4438.0,58383.0,501.0
4458.0,58991.0,506.0
4489.0,59573.0,511.0
4505.0,60154.0,516.0
4522.0,60742.0,521.0
4566.0,61329.0,526.0
4597.0,61937.0,531.0
4641.0,62510.0,536.0
4691.0,63094.0,541.0
4715.0,63652.0,546.0
4760.0,64206.0,551.0
4790.0,64797.0,556.0
4847.0,65363.0,561.0
4884.0,65947.0,566.0
4968.0,66478.0,571.0
5012.0,67052.0,576.0
5031.0,67664.0,581.0
5060.0,68254.0,586.0
5098.0,68843.0,591.0
5124.0,69447.0,596.0
5168.0,70028.0,601.0
5197.0,70618.0,606.0
5214.0,71202.0,611.0
5247.0,71799.0,616.0
5274.0,72405.0,621.0
5311.0,73004.0,626.0
5359.0,73598.0,631.0
5405.0,74185.0,636.0
5433.0,74794.0,641.0
5463.0,75398.0,646.0
5497.0,75992.0,651.0
5524.0,76557.0,656.0
5569.0,77113.0,661.0
5584.0,77732.0,666.0
5606.0,78333.0,671.0
5628.0,78938.0,676.0
5663.0,79520.0,681.0
5713.0,80093.0,686.0
5756.0,80677.0,691.0
5818.0,81232.0,696.0
5862.0,81792.0,701.0
5906.0,82342.0,706.0
5939.0,82918.0,711.0
5966.0,83491.0,716.0
6007.0,84048.0,721.0
6023.0,84651.0,726.0
6054.0,85259.0,731.0
6085.0,85865.0,736.0
6117.0,86443.0,741.0
6145.0,87041.0,746.0
6175.0,87637.0,751.0
6196.0,88234.0,756.0
6212.0,88819.0,761.0
6246.0,89405.0,766.0
6269.0,90027.0,771.0
6288.0,90632.0,776.0
6319.0,91241.0,781.0
6344.0,91863.0,786.0
6360.0,92470.0,791.0
6381.0,93079.0,796.0
6417.0,93675.0,801.0
6458.0,94256.0,806.0
6474.0,94848.0,811.0
6500.0,95446.0,816.0
6517.0,96052.0,821.0
6545.0,96651.0,826.0
6551.0,97265.0,831.0
6575.0,97817.0,836.0
6594.0,98337.0,841.0
6620.0,98884.0,846.0
6638.0,99448.0,851.0
6671.0,100028.0,856.0
6696.0,100631.0,861.0
6721.0,101204.0,866.0
6734.0,101817.0,871.0
6751.0,102437.0,876.0
6765.0,103049.0,881.0
6791.0,103657.0,886.0
6813.0,104267.0,891.0
6844.0,104862.0,896.0
6873.0,105462.0,901.0
6889.0,106069.0,906.0
6913.0,106665.0,911.0
6943.0,107263.0,916.0
6968.0,107869.0,921.0
7002.0,108465.0,926.0
7026.0,109052.0,931.0
7061.0,109637.0,936.0
7094.0,110224.0,941.0
7113.0,110781.0,946.0
7119.0,111359.0,951.0
7130.0,111915.0,956.0
7163.0,112493.0,961.0
7203.0,113090.0,966.0
7238.0,113686.0,971.0
7256.0,114289.0,976.0
7271.0,114912.0,981.0
7279.0,115525.0,986.0
7282.0,116122.0,991.0
7290.0,116723.0,996.0
7316.0,117322.0,1001.0
7326.0,117933.0,1006.0
7332.0,118554.0,1011.0
7349.0,119166.0,1016.0
7369.0,119774.0,1021.0
7388.0,120399.0,1026.0
7404.0,121029.0,1031.0
7418.0,121649.0,1036.0
7420.0,122281.0,1041.0
7448.0,122877.0,1046.0
7491.0,123465.0,1051.0
7512.0,124072.0,1056.0
7532.0,124672.0,1061.0
7542.0,125290.0,1066.0
7562.0,125882.0,1071.0
7572.0,126511.0,1076.0
7589.0,127111.0,1081.0
7608.0,127736.0,1086.0
7613.0,128346.0,1091.0
7644.0,128947.0,1096.0
7666.0,129552.0,1101.0
7697.0,130150.0,1106.0
7727.0,130747.0,1111.0
7764.0,131339.0,1116.0
7796.0,131927.0,1121.0
7822.0,132512.0,1126.0
7846.0,133114.0,1131.0
7868.0,133724.0,1136.0
7880.0,134339.0,1141.0
7924.0,134931.0,1146.0
7953.0,135537.0,1151.0
7978.0,136141.0,1156.0
8015.0,136722.0,1161.0
8058.0,137311.0,1166.0
8104.0,137906.0,1171.0
8168.0,138475.0,1176.0
8201.0,139079.0,1181.0
8207.0,139702.0,1186.0
8220.0,140326.0,1191.0
8229.0,140945.0,1196.0
